Final Matrix:
[[-1.67130923e+00  3.21489923e-01  7.80289360e-01 -1.83449212e+00
   2.03772422e+00  1.00647954e-01 -2.70635251e-01  1.17992008e+00
   9.25840731e-01 -1.39556738e+00 -5.16896445e-01 -1.07288724e+00
   1.39778213e+00 -5.19300683e+00 -3.56109392e+00 -2.03863284e+00
  -3.29849996e+00 -3.59591178e+00 -3.12261751e+00 -3.05384409e+00
   1.11161853e+01]
 [-1.40827482e+00  4.11687732e-01  7.52808624e-01 -1.41945462e+00
   2.12399799e+00  3.33847130e-01 -4.40560252e-01  1.12406684e+00
   4.85268139e-01 -1.91014055e+00 -8.21751026e-01 -7.89094272e-01
   6.01315524e-01 -3.19300683e+00 -3.14605642e+00 -2.77559843e+00
  -4.62042806e+00 -4.91783987e+00 -4.70758001e+00 -5.63880659e+00
   1.01161853e+01]
 [-1.18588240e+00  2.74184209e-01  1.06359616e+00 -1.51256402e+00
   2.00915506e+00  4.77211305e-01 -4.82428297e-02  5.19995517e-01
   7.65376059e-01 -1.54757047e+00 -6.99760502e-01 -7.89094272e-01
   1.21136901e+00 -3.60804433e+00 -2.14605642e+00 -2.36056093e+00
  -5.62042806e+00 -4.91783987e+00 -5.70758001e+00 -3.63880659e+00
   1.11161853e+01]
 [-5.01384225e-01  3.67293613e-01  4.27408337e-01 -1.61209970e+00
   2.09321933e+00  1.25738935e-01 -5.33669657e-01  9.84663784e-01
  -1.58687727e-04 -2.71749548e+00 -4.49782249e-01 -8.41561692e-01
   1.48267103e+00 -3.19300683e+00 -1.97613142e+00 -2.36056093e+00
  -4.62042806e+00 -3.91783987e+00 -4.70758001e+00 -3.31687849e+00
   1.01161853e+01]
 [-7.07835102e-01  1.03025863e+00  2.61822272e-01 -1.33199178e+00
   1.95026137e+00 -4.10313966e-01 -4.82428297e-02  6.31026830e-01
  -1.58687727e-04 -1.71749548e+00  1.35180252e-01 -1.20413177e+00
   1.26027861e+00 -2.38565191e+00 -2.33870150e+00 -2.03863284e+00
  -3.03546556e+00 -3.91783987e+00 -5.70758001e+00 -4.05384409e+00
   1.01161853e+01]
 [-1.03904101e+00  1.08611186e+00  2.61822272e-01 -1.83449212e+00
   1.51794588e+00 -6.87847941e-01  4.17420743e-01  4.90849172e-01
   7.65376059e-01 -7.17495475e-01  3.94566881e-01 -1.04596098e-01
   2.13474772e+00 -2.38565191e+00 -8.98128905e-01 -2.36056093e+00
  -2.62042806e+00 -2.74791487e+00 -4.70758001e+00 -3.63880659e+00
   1.11161853e+01]
 [-4.08274820e-01  4.68831639e-01 -2.75205752e-01 -1.02713720e+00
   1.74776851e+00 -1.77653209e-01  8.30017036e-02  1.06596389e+00
   1.07023064e+00 -8.10604880e-01  4.49824429e-02 -3.48521681e-01
   1.67531611e+00 -1.49256712e+00 -1.05859358e+00 -1.36056093e+00
  -3.62042806e+00 -3.11048495e+00 -2.70758001e+00 -2.31687849e+00
   1.01161853e+01]
 [-9.93237321e-01  9.62240202e-01  1.11845810e+00  3.87900303e-01
   1.08932541e+00  4.57582498e-01  2.03295937e-01  6.04059782e-01
   1.07023064e+00 -1.71749548e+00 -1.54326365e-01 -1.70184440e-01
   1.10827551e+00 -3.19300683e+00 -2.82412832e+00 -1.03863284e+00
  -2.62042806e+00 -2.74791487e+00 -4.12261751e+00 -3.31687849e+00
   1.11161853e+01]
 [ 8.39652693e-01  8.80363195e-01 -1.40276172e-01  8.47331921e-01
  -5.35165453e-01 -1.41031397e+00 -5.33669657e-01 -1.42342095e+00
   1.37344836e-01 -1.91014055e+00  9.23676147e-01  6.70337346e-01
   7.45705434e-01 -8.00689411e-01  5.26368923e-01  4.97420065e-01
  -1.37250054e+00 -1.16295237e+00 -2.24814839e+00 -1.31687849e+00
   1.11161853e+01]
 [ 6.64974162e-01  3.52186721e-01  2.61822272e-01  8.84326129e-01
   5.91366953e-01 -1.14727956e+00 -1.18632158e-01 -7.94665531e-02
  -3.22086783e-01 -7.17495475e-01  6.60641741e-01  1.58438308e-01
   9.38350512e-01 -2.19300683e+00 -1.46056419e-01 -7.75598430e-01
  -1.37250054e+00 -1.11048495e+00 -1.62011717e+00 -6.84610276e-01
   1.01161853e+01]
 [ 2.16216045e-01  1.75961104e+00  1.72479425e+00 -2.41945462e+00
  -1.31277303e+00 -7.78045750e-01 -2.11863216e+00 -3.12386067e+00
  -2.32208678e+00 -4.71749548e+00  9.85603896e-01  6.51478319e-01
   2.21136901e+00 -2.19300683e+00 -4.14605642e+00 -4.36056093e+00
  -3.62042806e+00 -3.33287737e+00 -3.12261751e+00 -3.63880659e+00
   1.11161853e+01]
 [-9.48843202e-01  6.77333312e-02 -8.60168253e-01 -1.51256402e+00
   5.00458457e-01 -1.33992464e+00 -1.11863216e+00 -3.16505750e-01
   1.48526814e+00  1.89395120e-01  7.63211475e-01 -2.74521099e-01
   1.60742933e-01 -4.38119331e-01  1.31337520e+00  1.06570382e+00
  -2.62876053e-01  1.90684584e-01 -1.31526258e+00  1.42553127e-01
   1.11161853e+01]
 [ 1.43302743e+00  2.59290275e+00 -4.36266859e+00 -5.12564024e-01
  -2.63470113e+00 -4.14727956e+00 -2.44056025e+00 -3.12386067e+00
  -2.32208678e+00 -2.71749548e+00  8.98141055e-01 -8.96009476e-01
   1.26027861e+00 -2.87107874e+00 -1.68662480e+00 -3.36056093e+00
  -3.03546556e+00 -3.91783987e+00 -2.70758001e+00 -2.17937497e+00
   1.11161853e+01]
 [-1.10594272e-01  8.59146709e-01 -6.99703581e-01 -3.09752652e+00
   8.87447429e-04 -7.78045750e-01 -5.33669657e-01 -7.94665531e-02
  -1.58687727e-04 -1.32532974e-01  1.78248974e-01 -1.14866935e-02
   3.53388011e-01 -5.49150644e-01  9.62468038e-01  4.46793992e-01
   2.86462538e-01  2.52085129e-01 -3.50028002e-01 -4.29353221e-01
   1.01161853e+01]
 [-2.92797603e-01 -7.91404133e-01 -4.55777998e-01  1.64663457e+00
  -1.08450404e+00 -6.87847941e-01 -2.44056025e+00 -3.16505750e-01
  -1.52161781e-01 -1.70557570e-02  5.00177069e-01  4.74069955e-02
   5.23313012e-01 -2.86116238e-01  4.68653426e-01  1.63001026e-01
   5.19972848e-02  4.74477550e-01 -1.84018050e-01  5.04960328e-03
   1.01161853e+01]]
